2012 2076 3
1391 1470 3
901 982 3
338 374 2
126 140 1
61 67 3
71 79 2
60 68 2
188 223 4
55 63 2
40 45 3
154 184 1
26 28 2
39 44 2
62 74 1
20 22 3
58 70 1
73 89 1
583 734 5
71 87 1
26 30 1
66 81 5
35 42 2
32 38 1
21 24 2
31 37 1
20 23 3
89 112 1
21 24 1
59 74 1
42 52 4
32 39 1
30 36 1
15 17 3
22 26 1
8 8 3
25 30 1
15 17 1
11 12 3
21 25 1
14 16 2
14 16 3
17 20 3
20 24 1
30 37 5
13 15 2
13 15 3
22 27 4
22 27 4
25 31 3
13 15 2
10 11 3
24 30 2
21 26 4
12 14 3
12 14 3
12 14 2
18 22 1
24 30 1
9 10 3
9 10 3
7 7 4
18 22 3
12 14 2
58 76 1
12 14 2
23 29 2
12 14 3
12 14 2
10 11 1
10 11 1
11 13 2
11 13 3
14 17 4
20 25 2
14 17 2
8 9 3
9 10 4
11 13 2
11 13 3
12 14 2
13 16 2
16 20 3
13 16 4
5 5 3
10 12 4
16 20 1
5 5 2
11 13 2
16 20 1
5 5 3
13 16 2
37 49 1
10 12 3
15 19 2
7 8 3
7 8 3
7 8 4
10 12 2
10 12 3
